Dimuth 44 46 7701 73 75 7633 170
Ranjith 44 46 7700 76 64 7157 471
Kushan 44 46 7700 81 76 7745 531
Rajitha 44 46 7699 76 76 7695 140
JJ 44 42 7698 75 62 6867 178
Dulani 44 46 7698 79 69 7210 476
Kripa 47 46 7697 78 79 7259 417
Nimal 44 46 7696 72 63 6785 393
Sam 44 46 7692 75 71 7053 829
Newan 44 46 7690 82 69 7183 484
Dinvui 44 46 7684 76 61 6609 269
Sandhya 44 46 7683 77 64 6668 446
Fulani fd 44 447 86 675 570 567
p1 dd df 45 34 33 676 456
Teron Colombo Ferrari 34 33 65 678 34
gg dfg fg 34 55 34 5562 35
